Face Added: Unknown (ID: 05a298c8-b1d3-430c-8af3-bc7d72e4479a)
Encoding:
[-0.15598504  0.03314994  0.09179086 -0.07142079 -0.09367597 -0.07332484
 -0.0349351  -0.05141427  0.1267724  -0.0764117   0.20952734 -0.08832593
 -0.24351029 -0.0432918  -0.05528907  0.10214746 -0.05752458 -0.06927498
 -0.13866109 -0.15312693  0.04767425  0.09418473 -0.00130024  0.03008435
 -0.21989189 -0.33368701 -0.13487642 -0.07391681 -0.06098476 -0.06792824
  0.03180853  0.09608202 -0.18235913 -0.08412842  0.02282152  0.06294978
 -0.05353319 -0.02283365  0.15813892  0.05177455 -0.11572311  0.06307916
  0.07721413  0.28176224  0.13681725  0.03506315  0.06999473 -0.04353612
  0.15586171 -0.23834102  0.08317085  0.14002562  0.07631511  0.04478503
  0.18406393 -0.1218041   0.01460709  0.27416986 -0.17483324  0.12216239
  0.0289405  -0.02267021 -0.01828112 -0.02685035  0.11282571  0.09598844
 -0.07751574 -0.14688151  0.11298694 -0.11723489  0.02633962  0.14462504
 -0.13621509 -0.22064386 -0.26806071  0.16055492  0.43922409  0.14736299
 -0.13217528  0.02516624 -0.03780729 -0.02960666  0.10670343 -0.05556339
 -0.11438671 -0.03649414 -0.11834756  0.0544679   0.21337965  0.03715555
 -0.04031169  0.23830977  0.02361954 -0.00562784  0.03752207 -0.01952888
 -0.19950138 -0.03375257 -0.10106097 -0.01594597  0.04334176 -0.0939236
 -0.03061771  0.0308414  -0.13100384  0.14023557 -0.04638052 -0.04363413
 -0.14843568  0.00678777 -0.14531901  0.03633951  0.13774298 -0.22927371
  0.12296651  0.11361134  0.01916806  0.16629681  0.12068311 -0.01208953
 -0.00497125  0.01967349 -0.07007275 -0.07405376  0.12614541 -0.00525847
  0.09586046 -0.0122434 ]
Total IDs in database: 14
--------------------------------------------------------------------------------
Visibility zone summary: Unknown_2 (ID: 05a298c8-b1d3-430c-8af3-bc7d72e4479a)
Time in visibility zone: 667.3 sec
--------------------------------------------------------------------------------
