Face Added: Unknown (ID: 4f173592-d0fe-4f30-973e-29a5c962f787)
Encoding:
[-0.1415098   0.03266918  0.07782695 -0.064567   -0.07362071 -0.05891664
  0.01405037  0.02723251  0.17136165 -0.05696643  0.17063159  0.01547777
 -0.17666095 -0.05938581 -0.03554879  0.08949467 -0.09305604 -0.14019337
 -0.02868764 -0.08139347  0.00190506  0.02604342 -0.00085597  0.0866412
 -0.16054428 -0.28507358 -0.01468011 -0.13548845  0.05211538 -0.15834211
  0.01078139  0.11554863 -0.14709635 -0.04685593  0.00152123  0.14836323
  0.05842657  0.01093612  0.20826656  0.05963172 -0.16266218  0.01275258
  0.04401815  0.35217136  0.13364285  0.03571931  0.04300012 -0.03364849
  0.14917821 -0.196835    0.10188571  0.10164307  0.09741604 -0.01069672
  0.12745318 -0.12680316  0.04011459  0.07360388 -0.21525252  0.11509856
  0.07593644  0.01541379 -0.02876925 -0.02861955  0.12751165  0.04734442
 -0.01720542 -0.08998755  0.21734102 -0.18457839 -0.02304825  0.11538948
 -0.04948169 -0.10905885 -0.14166024  0.04105806  0.33037272  0.19321851
 -0.14180078  0.07192317 -0.04839469 -0.07841785  0.0728584  -0.00176057
 -0.09418681  0.04743605 -0.10321898  0.03601391  0.18816273  0.10997754
  0.05265384  0.15772778  0.07921039 -0.07158097  0.07375459 -0.0264548
 -0.13929327  0.02612079 -0.16474786 -0.07831247  0.03156861 -0.12513416
  0.0269275   0.05637521 -0.24719901  0.13174503 -0.01408911 -0.05708034
 -0.02074644  0.13180737 -0.06836452 -0.03075354  0.1444605  -0.18560693
  0.12730832  0.13564095  0.02915375  0.0986311   0.04547686  0.07701739
  0.00971743 -0.04336525 -0.08348987 -0.09225496  0.00209604 -0.06449001
  0.08472593  0.05514964]
Total IDs in database: 15
--------------------------------------------------------------------------------
Visibility zone summary: Andri (ID: 4f173592-d0fe-4f30-973e-29a5c962f787)
Time in visibility zone: 101.6 sec
--------------------------------------------------------------------------------
