Добавлено лицо: Unknown (ID: 56436a85-ce9b-4d6b-968c-3c7086a70140)
Кодировка:
[-0.02316947  0.04345692  0.00479534 -0.00387831 -0.08403999 -0.05939771
 -0.05686849 -0.127489    0.14972806 -0.04772943  0.21124178 -0.02432808
 -0.22357176 -0.07571191 -0.06142924  0.09053565 -0.14770564  0.02552767
 -0.08564515 -0.10172067  0.00808333  0.10982695  0.0860272   0.03204547
 -0.08899087 -0.30121335 -0.0947545  -0.12025543  0.08566836 -0.10142291
 -0.01740835  0.07821229 -0.22060099 -0.09538257 -0.0121927   0.02383772
 -0.05689482 -0.11496297  0.1896472   0.07391233 -0.05927704  0.03384881
  0.02825505  0.17172487  0.18457502 -0.03196748  0.05344605 -0.09428361
  0.13111776 -0.22787161 -0.0014504   0.14420974  0.09538507  0.04336598
  0.11385799 -0.12185479  0.01144993  0.21768411 -0.23420559  0.12981838
 -0.00604547  0.04578843  0.03015468  0.0146993   0.14543132  0.11497447
 -0.03634505 -0.10894369  0.14645825 -0.19330709 -0.05064271  0.09022681
 -0.07020263 -0.21259198 -0.26449379  0.0149169   0.3485713   0.18081173
 -0.11080872  0.04450755 -0.11523892 -0.15707077  0.02094277 -0.01494691
 -0.07964637 -0.05402817 -0.06109205  0.03829984  0.22599123  0.05507835
 -0.0076467   0.31112054 -0.02401105  0.01213313  0.00162404 -0.02981083
 -0.15072693 -0.03680862 -0.05296039 -0.0694454   0.01754898 -0.16765665
  0.02549049  0.10337147 -0.23037662  0.12624329 -0.0586794  -0.05977814
  0.00151705 -0.04079902 -0.08074038  0.08986957  0.20740712 -0.24245073
  0.25153357  0.12087236  0.04321655  0.13538477  0.01819549  0.02498585
 -0.02677888 -0.06693061 -0.11336274 -0.09871627  0.000735   -0.07333524
  0.04358792  0.02150635]
Всего ID в базе: 8
--------------------------------------------------------------------------------
