Face Added: Unknown (ID: 780945ce-1f21-4bdb-8832-b8d4347fb611)
Encoding:
[-0.12975712  0.04176167  0.07518642 -0.07303629 -0.06205175 -0.03048599
  0.00930347 -0.03426936  0.19641148 -0.06906145  0.16512027  0.03684541
 -0.18875188  0.06566228 -0.03052493  0.0800682  -0.12722446 -0.03662519
 -0.12001751 -0.14224893  0.06701572  0.07961894  0.09006281  0.04298266
 -0.19490825 -0.27122495 -0.05991855 -0.11593613  0.04333422 -0.12565121
  0.04285188 -0.03410508 -0.19357432 -0.02998867 -0.03483125  0.02680397
 -0.05151315 -0.06145397  0.20896193  0.01281488 -0.18560551  0.09805956
  0.00606465  0.24008767  0.1989978  -0.00106843  0.01384646 -0.09789834
  0.12089892 -0.21772556  0.13332148  0.0712981   0.05261369  0.02299462
  0.11273324 -0.14260134 -0.01791894  0.19431791 -0.16441934  0.06857421
  0.06077555 -0.02156877  0.01506689 -0.06109139  0.14106277  0.09822346
 -0.13121653 -0.1169962   0.0678269  -0.15130647 -0.0032315   0.07116319
 -0.09347919 -0.13449676 -0.31417775  0.10112233  0.35712823  0.10207929
 -0.14119007  0.01470811 -0.08980301  0.01139258  0.02009843  0.07180305
 -0.13346952 -0.02905608 -0.04041185  0.03467114  0.11408757  0.05491546
 -0.0696852   0.19511338 -0.00627997 -0.03110614  0.01607628  0.07761967
 -0.25671208 -0.0473974  -0.06930749 -0.018763   -0.00181795 -0.07267862
  0.00398299  0.16265841 -0.23112942  0.20862223 -0.08840496 -0.06718314
  0.00464733  0.06920174 -0.05438916 -0.02307304  0.10667143 -0.23986423
  0.14960316  0.16303614  0.01488059  0.16565579  0.05445474  0.05255022
 -0.05391587  0.16932917 -0.17637289 -0.01123046  0.04350792 -0.03433393
  0.10124511  0.04988994]
Total IDs in database: 10
--------------------------------------------------------------------------------
Visibility zone summary: Unknown_3 (ID: 780945ce-1f21-4bdb-8832-b8d4347fb611)
Time in visibility zone: 226.5 sec
--------------------------------------------------------------------------------
