Face Added: Unknown (ID: 89e003f3-cd48-4205-945a-489d29ff517f)
Encoding:
[-5.84976561e-02  9.52811316e-02  7.10296333e-02 -7.81125203e-02
 -3.85909304e-02 -1.20015211e-01 -2.17680614e-02 -1.76882118e-01
  1.49086148e-01 -1.47635136e-02  3.13084662e-01 -4.15058210e-02
 -2.58187979e-01 -1.52001798e-01 -1.83736160e-02  4.35735956e-02
 -1.39282227e-01 -1.40757501e-01 -2.67067365e-02 -5.45582660e-02
  4.10772264e-02 -7.69609138e-02  8.37967247e-02  6.71308264e-02
 -1.57024145e-01 -3.59492242e-01 -1.47234321e-01 -8.23562145e-02
  7.83043653e-02 -6.22027963e-02 -2.69613378e-02  1.28987774e-01
 -1.85808927e-01 -1.18461557e-01  2.44583674e-02  9.16048139e-02
 -6.47196826e-03 -5.27316183e-02  2.12450370e-01  3.34505104e-02
 -1.33622408e-01  3.32403071e-02  3.54398228e-02  2.74431914e-01
  1.68209985e-01  3.25832516e-05  1.39975294e-01 -3.53372097e-02
  8.26300681e-02 -2.42449343e-01  1.53712511e-01  1.28392085e-01
  2.22266644e-01 -5.28974552e-03  1.46884292e-01 -1.55220702e-01
 -9.49853510e-02  1.74822271e-01 -2.11329520e-01  1.62080318e-01
  5.75009286e-02 -5.31352386e-02 -6.86644912e-02 -9.03313905e-02
  1.73914924e-01  1.88843250e-01 -1.21531159e-01 -1.26502201e-01
  1.95819810e-01 -1.12965308e-01 -6.23760931e-02  1.23987086e-01
 -1.17430486e-01 -1.79067180e-01 -2.61057436e-01  1.31664589e-01
  3.87096167e-01  1.62177220e-01 -1.73764288e-01  3.57480757e-02
 -8.84445682e-02 -3.32242362e-02 -1.22352513e-02  2.40557902e-02
 -9.52887163e-02  7.87486508e-02 -1.12788454e-01  4.36357930e-02
  1.54029056e-01  1.01058222e-02 -9.12706405e-02  2.52712190e-01
 -3.61407846e-02  1.05426714e-01  3.91218103e-02 -4.02596500e-03
 -7.97241628e-02 -5.10763656e-03 -1.71571642e-01 -2.13923864e-02
  3.92015800e-02 -5.93218729e-02 -1.13760494e-03  3.69471982e-02
 -1.20895274e-01  3.75773720e-02 -1.58814993e-02 -4.70324978e-02
 -6.00289553e-02 -3.31859500e-03 -8.94898549e-02 -2.93981973e-02
  1.11358859e-01 -3.68233085e-01  1.93862915e-01  1.53075486e-01
  7.41258040e-02  1.19622588e-01  7.89384171e-02 -4.50937673e-02
  1.37921602e-01 -9.90353376e-02 -3.70752364e-02 -7.22806081e-02
  7.50221163e-02 -2.58917734e-02  5.14561906e-02  2.00050212e-02]
Total IDs in database: 13
--------------------------------------------------------------------------------
Visibility zone summary: Unknown_1 (ID: 89e003f3-cd48-4205-945a-489d29ff517f)
Time in visibility zone: 256.3 sec
--------------------------------------------------------------------------------
