Добавлено лицо: Unknown (ID: 9dd356e3-0ace-40ba-84ba-c08d25ed5ec8)
Кодировка:
[-8.92360136e-02  1.03051037e-01  6.89899623e-02 -5.68602905e-02
 -1.60346419e-01 -5.36079220e-02 -7.10079223e-02 -4.32659499e-02
  9.43016037e-02 -2.14240551e-02  2.36103609e-01 -1.42394323e-02
 -2.44925424e-01  1.66195966e-02 -3.92305590e-02  1.00255400e-01
 -1.49946555e-01 -5.34967631e-02 -1.12332948e-01 -1.27557635e-01
  2.90100686e-02  6.45722821e-02 -4.23578098e-02  2.17736736e-02
 -1.14206605e-01 -2.13553190e-01 -6.32214248e-02 -3.01609077e-02
  5.18114343e-02 -1.08838193e-01  6.26737922e-02  7.21329823e-02
 -2.17334703e-01 -2.37735081e-02  4.23347354e-02  4.25467975e-02
 -1.22065227e-02 -5.31232879e-02  1.49538323e-01 -3.77731882e-02
 -1.30593538e-01  1.71531066e-02  1.06840581e-01  2.39253610e-01
  2.16424629e-01  7.45493826e-03 -2.79315505e-02 -6.96501359e-02
  9.54146162e-02 -2.82907128e-01  4.07360494e-05  1.75335258e-01
  4.97489274e-02  1.13044254e-01  1.02146249e-02 -1.84276715e-01
  1.90468989e-02  1.37233213e-01 -1.48068801e-01  7.54049346e-02
  7.46540725e-02 -1.42257378e-01 -1.00777917e-01 -1.29552707e-01
  2.18282640e-01  8.21557269e-02 -1.33915722e-01 -2.09915206e-01
  1.54292464e-01 -1.74876630e-01 -7.53634870e-02  1.17167667e-01
 -1.07370406e-01 -1.31817147e-01 -2.80467629e-01  1.00228377e-01
  4.03335392e-01  1.55994236e-01 -1.73570514e-01  6.10730425e-02
 -9.69767794e-02 -3.53284646e-03 -1.64361000e-02  4.12868634e-02
 -5.18682674e-02 -5.82758561e-02 -7.10817575e-02  6.25216663e-02
  2.17289641e-01 -4.31423336e-02  2.92949434e-02  2.66679436e-01
  2.78054308e-02  4.32835929e-02 -7.68245151e-03  2.31248364e-02
 -8.06473121e-02 -3.86168063e-02 -8.93367082e-02  2.23149750e-02
  3.99270765e-02 -1.41883895e-01  4.42069471e-02  1.39837667e-01
 -1.58942297e-01  1.65435582e-01 -1.47486366e-02  1.72899477e-02
  2.25772858e-02  4.10928018e-02 -4.57874760e-02 -5.14373705e-02
  1.85035914e-01 -2.79070705e-01  2.66556978e-01  1.59349993e-01
  6.99226037e-02  1.15415886e-01  6.11106977e-02  1.57438725e-01
 -8.70420225e-03  3.50007601e-03 -1.07789911e-01 -7.25985095e-02
 -1.39122158e-02 -8.18514079e-02 -2.36767009e-02  5.05957194e-02]
Всего ID в базе: 9
--------------------------------------------------------------------------------
Покинул зону видимости: Unknown (ID: 9dd356e3-0ace-40ba-84ba-c08d25ed5ec8)
Время в зоне видимости: 0.7 сек
--------------------------------------------------------------------------------
