Дополнен ID: Misha (ID: U0001)
Кодировка:
[-1.55372694e-01  9.75932926e-02  1.03925407e-01 -8.24000686e-02
 -1.96649030e-01  8.08823779e-02 -1.89526398e-02 -3.51329595e-02
  1.36102840e-01 -8.82499218e-02  1.36312544e-01  1.16657270e-02
 -2.72995114e-01 -1.90441683e-02  1.46344500e-02  1.40507475e-01
 -1.09059528e-01 -1.50745630e-01 -6.63312376e-02 -4.56148461e-02
  2.79727131e-02  4.81085144e-02 -2.23220680e-02  4.23934422e-02
 -2.62753796e-02 -4.29219723e-01 -6.82552978e-02 -3.98446470e-02
  1.09176554e-01 -5.76576181e-02 -7.81482831e-02 -1.11958031e-02
 -1.96686745e-01 -2.25321632e-02 -2.59521324e-03  8.29934627e-02
 -1.09756649e-01 -1.30202338e-01  1.90915287e-01 -1.33971069e-02
 -1.78976476e-01  5.56017365e-03  4.81327064e-02  2.30684519e-01
  1.97846934e-01 -1.69990715e-02  7.07626566e-02 -3.56467590e-02
  1.22564293e-01 -3.17941070e-01  7.63085037e-02  1.53842270e-01
  1.46028280e-01  1.12059943e-01  9.81629118e-02 -1.31805718e-01
 -1.45224659e-02  1.53973192e-01 -1.69747666e-01  6.80397972e-02
  8.28063302e-03 -5.52267432e-02 -7.27279112e-02 -1.39652714e-01
  2.15533882e-01  1.28808066e-01 -8.72196555e-02 -1.91106230e-01
  1.62583187e-01 -1.74490228e-01 -4.86828312e-02  8.84405673e-02
 -1.10463575e-01 -1.35821462e-01 -2.09458962e-01  1.26437187e-01
  3.50236326e-01  2.20005900e-01 -1.79466233e-01 -2.70168521e-02
 -5.64231724e-02 -2.25465056e-02  3.04880785e-04  5.16168289e-02
 -8.25429931e-02 -3.51260528e-02 -5.94390444e-02  6.04864471e-02
  2.01063201e-01 -2.57797018e-02  3.21526602e-02  2.52944529e-01
  1.04423188e-01  3.03952657e-02  7.14096520e-03  7.38143101e-02
 -5.05052693e-02 -3.55513729e-02 -1.15774155e-01 -1.63907334e-02
  7.46085271e-02 -1.02780916e-01  3.62967066e-02  1.35054812e-01
 -2.38485217e-01  1.87129289e-01 -7.35969394e-02 -2.15578601e-02
  3.30159962e-02 -3.49430367e-02 -5.62282205e-02 -7.70004513e-03
  1.42122582e-01 -2.56597370e-01  1.71588033e-01  2.08273932e-01
 -1.88400480e-03  1.24733835e-01 -7.62758870e-03  5.46772145e-02
  1.05616981e-02 -8.05128366e-02 -1.47641107e-01 -9.23863351e-02
  8.73120502e-02 -4.05541621e-02 -6.13334253e-02  4.77341041e-02]
Всего ID в базе: 8
--------------------------------------------------------------------------------
Дополнен ID: Misha (ID: U0001)
Кодировка:
[-0.07476813  0.09287854  0.00218202 -0.06942029 -0.1430109   0.04594546
  0.02275179 -0.05404718  0.15790907 -0.06760513  0.19054523  0.07227755
 -0.21177374 -0.05510986 -0.00486007  0.06294146 -0.220119   -0.14761269
 -0.07323097 -0.00184139 -0.02178249  0.06278771  0.02238972  0.03384408
 -0.08733991 -0.35571942 -0.09293242 -0.07137781  0.16473797 -0.07421658
 -0.02991334  0.01548617 -0.1748312  -0.06994958  0.02525768  0.03779963
 -0.08943812 -0.03780992  0.1733107   0.0514466  -0.17892292 -0.00947525
  0.03269681  0.31550699  0.21993718  0.01138736  0.05954758 -0.13710962
  0.07355844 -0.28954783  0.14891009  0.15068653  0.11345389  0.06009988
  0.02289509 -0.15648356 -0.05237268  0.19457376 -0.20763227  0.18309149
  0.13339041 -0.02495561 -0.0422652  -0.08937901  0.19470899  0.13570455
 -0.14945421 -0.21060486  0.14291348 -0.21943903 -0.08019957  0.06719433
 -0.06960058 -0.16968761 -0.27828741  0.05494446  0.40218252  0.17445764
 -0.07744636 -0.02858183 -0.11458615 -0.03717009  0.05211336  0.08653524
 -0.15099002 -0.06893894 -0.06032755  0.07772455  0.18475932  0.05049729
 -0.03934344  0.19595914 -0.00337704  0.03282603  0.03575539  0.10221025
 -0.08924562  0.03378297 -0.12463877  0.03671248 -0.03115828 -0.16097234
  0.05380561  0.15420306 -0.13123704  0.19839579 -0.0237036   0.01232879
  0.084888   -0.04611485 -0.10597608 -0.03786102  0.18554179 -0.26924667
  0.24040572  0.1727369   0.10463794  0.13050658  0.0842676   0.0751175
 -0.0014136  -0.05578524 -0.21123865  0.01628137  0.00908506 -0.11603031
  0.04352169  0.03081828]
Всего ID в базе: 8
--------------------------------------------------------------------------------
